0,5
1,5
2,5
3,5
4,5
4,6
5,6
5,7
6,7
6,8
6,9
6,10
6,11
7,11
7,12
7,13
7,14
7,15
8,15
8,16
9,16
10,16
10,17
11,17
12,17
13,17
13,18
13,19
14,19
14,20
14,21
14,22
14,23
14,24
15,24
15,25
16,25
17,25
18,25
18,26
18,27
18,28
19,28
19,29
20,29
20,30
21,30
21,31
22,31
23,31
24,31
24,32
24,33
24,34
25,34
26,34
26,35
26,36
26,37
27,37
28,37
29,37
29,38
30,38
31,38
32,38
32,39
33,39
33,40
34,40
35,40
35,41
36,41
36,42
36,43
36,44
36,45
36,46
36,47
37,47
38,47
39,47
40,47
41,47
41,48
41,49
42,49
43,49
43,50
43,51
43,52
43,53
43,54
43,55
43,56
43,57
43,58
43,59
43,60
43,61
44,61
44,62
44,63
45,63
45,64
46,64
46,65
46,66
47,66
47,67
47,68
47,69
47,70
47,71
48,71
48,72
49,72
49,73
49,74
50,74
51,74
51,75
52,75
52,76
52,77
52,78
52,79
53,79
53,80
53,81
52,81
52,82
52,83
52,84
52,85
52,86
52,87
51,87
51,88
51,89
51,90
52,90
52,91
52,92
52,93
53,93
54,93
55,93
55,94
56,94
56,95
56,96
56,97
56,98
57,98
57,99
57,100
57,101
57,102
57,103
57,104
57,105
58,105
58,106
58,107
58,108
58,109
59,109
60,109
61,109
62,109
62,110
62,111
63,111
64,111
64,112
64,113
64,114
65,114
66,114
66,115
66,116
66,117
67,117
67,118
67,119
68,119
68,120
68,121
69,121
70,121
71,121
71,122
72,122
73,122
73,123
73,124
73,125
73,126
74,126
74,127
75,127
76,127
77,127
77,128
77,129
77,130
78,130
78,131
78,132
79,132
80,132
81,132
82,132
83,132
84,132
85,132
86,132
86,131
86,130
87,130
88,130
89,130
90,130
91,130
92,130
93,130
94,130
95,130
96,130
97,130
98,130
99,130
99,131
99,132
100,132
101,132
102,132
103,132
103,133
103,134
104,134
104,135
104,136
104,137
104,138
104,139
105,139
105,140
106,140
107,140
107,141
107,142
108,142
108,143
108,144
108,145
109,145
110,145
111,145
112,145
113,145
114,145
115,145
115,146
116,146
117,146
118,146
119,146
120,146
121,146
122,146
123,146
124,146
125,146
126,146
127,146
128,146
129,146
130,146
131,146
131,147
131,148
132,148
133,148
134,148
134,149
135,149
136,149
137,149
138,149
139,149
140,149
141,149
142,149
143,149
143,150
143,151
144,151
145,151
145,152
145,153
146,153
147,153
148,153
148,154
148,155
149,155
150,155
151,155
152,155
153,155
154,155
154,156
154,157
154,158
154,159
154,160
154,161
154,162
154,163
154,164
155,164
155,165
156,165
156,166
156,167
157,167
157,168
157,169
157,170
157,171
158,171
159,171
159,172
159,173
160,173
161,173
161,174
161,175
162,175
163,175
163,176
163,177
163,178
163,179
163,180
163,181
163,182
164,182
164,183
165,183
166,183
167,183
167,184
167,185
168,185
168,186
168,187
168,188
169,188
170,188
170,189
171,189
171,190
172,190
173,190
174,190
175,190
176,190
176,191
176,192
177,192
178,192
179,192
180,192
181,192
181,191
181,190
182,190
183,190
184,190
184,191
185,191
185,192
185,193
185,194
185,195
185,196
186,196
186,197
187,197
188,197
189,197
190,197
190,198
190,199
191,199
192,199
192,200
192,201
192,202
192,203
192,204
192,205
193,205
193,206
194,206
195,206
196,206
197,206
197,207
198,207
199,207
199,208
199,209
199,210
199,211
200,211
201,211
202,211
203,211
204,211
204,212
205,212
206,212
207,212
208,212
209,212
209,213
209,214
209,215
210,215
211,215
212,215
213,215
214,215
215,215
215,216
216,216
217,216
217,217
217,218
217,219
218,219
219,219
220,219
220,220
220,221
220,222
220,223
221,223
221,224
221,225
222,225
223,225
224,225
225,225
225,226
226,226
227,226
227,227
228,227
229,227
230,227
231,227
232,227
233,227
234,227
235,227
235,228
235,229
236,229
237,229
238,229
238,230
239,230
240,230
240,231
241,231
242,231
243,231
244,231
245,231
246,231
247,231
247,230
248,230
249,230
249,229
250,229
251,229
252,229
253,229
253,230
254,230
254,231
254,232
255,232
256,232
257,232
258,232
259,232
260,232
261,232
261,233
261,234
262,234
263,234
264,234
264,235
265,235
266,235
266,236
266,237
266,238
267,238
267,239
267,240
268,240
268,241
268,242
269,242
269,243
269,244
270,244
271,244
272,244
272,243
273,243
274,243
274,244
274,245
274,246
274,247
274,248
273,248
273,249
273,250
274,250
275,250
275,251
275,252
276,252
276,253
277,253
278,253
278,254
278,255
278,256
279,256
279,257
280,257
280,258
280,259
281,259
282,259
283,259
284,259
284,260
284,261
284,262
284,263
285,263
285,264
285,265
285,266
286,266
286,267
286,268
287,268
288,268
289,268
289,269
290,269
291,269
292,269
293,269
293,268
294,268
295,268
295,269
296,269
297,269
297,270
298,270
299,270
300,270
301,270
301,271
301,272
302,272
302,273
302,274
302,275
303,275
304,275
304,276
304,277
304,278
305,278
306,278
306,279
306,280
307,280
307,281
307,282
307,283
308,283
309,283
310,283
311,283
311,284
311,285
312,285
313,285
314,285
315,285
316,285
317,285
318,285
318,286
319,286
320,286
320,287
321,287
321,288
322,288
323,288
323,289
324,289
325,289
325,290
325,291
325,292
326,292
327,292
327,293
327,294
327,295
327,296
328,296
329,296
329,297
330,297
330,298
331,298
332,298
332,299
332,300
333,300
333,301
333,302
334,302
335,302
336,302
337,302
338,302
339,302
340,302
340,303
341,303
342,303
343,303
343,304
344,304
345,304
345,305
345,306
345,307
345,308
345,309
346,309
346,310
346,311
346,312
347,312
347,313
347,314
347,315
347,316
347,317
348,317
348,318
348,319
348,320
348,321
348,322
348,323
348,324
348,325
348,326
349,326
349,327
349,328
350,328
351,328
352,328
353,328
354,328
355,328
356,328
356,329
357,329
358,329
358,330
359,330
360,330
361,330
362,330
362,331
362,332
361,332
361,333
361,334
361,335
361,336
362,336
362,337
363,337
364,337
365,337
366,337
366,338
367,338
368,338
368,337
369,337
370,337
371,337
372,337
373,337
374,337
375,337
376,337
377,337
378,337
378,338
379,338
380,338
381,338
381,339
381,340
382,340
383,340
384,340
384,341
385,341
386,341
387,341
388,341
388,342
389,342
390,342
391,342
391,343
391,344
391,345
392,345
393,345
394,345
394,346
395,346
395,347
395,348
396,348
397,348
397,349
397,350
397,351
398,351
399,351
400,351
401,351
402,351
402,352
403,352
404,352
404,353
404,354
405,354
405,355
406,355
406,356
407,356
408,356
409,356
410,356
411,356
412,356
413,356
414,356
415,356
415,355
416,355
417,355
418,355
418,356
419,356
420,356
421,356
422,356
423,356
424,356
425,356
426,356
427,356
428,356
429,356
430,356
431,356
432,356
432,357
433,357
434,357
435,357
436,357
437,357
438,357
439,357
439,358
439,359
440,359
441,359
442,359
443,359
444,359
445,359
446,359
446,360
447,360
448,360
449,360
450,360
450,361
451,361
452,361
452,362
453,362
453,363
454,363
454,364
455,364
456,364
457,364
458,364
459,364
460,364
460,365
460,366
461,366
461,367
462,367
463,367
463,366
464,366
465,366
465,367
466,367
467,367
468,367
469,367
470,367
470,368
471,368
472,368
473,368
474,368
475,368
476,368
476,369
476,370
477,370
477,371
477,372
478,372
479,372
479,373
480,373
481,373
482,373
482,374
482,375
482,376
483,376
483,377
484,377
485,377
485,378
485,379
486,379
487,379
487,380
488,380
488,381
488,382
489,382
490,382
491,382
492,382
492,383
492,384
492,385
493,385
493,386
493,387
493,388
493,389
493,390
493,391
493,392
494,392
495,392
495,393
495,394
496,394
496,395
497,395
497,396
497,397
497,398
498,398
499,398
499,399
500,399
501,399
501,400
501,401
501,402
502,402
502,403
502,404
502,405
503,405
504,405
504,406
504,407
505,407
506,407
507,407
507,408
508,408
509,408
510,408
511,408
512,408
513,408
513,409
514,409
515,409
516,409
517,409
518,409
519,409
520,409
521,409
522,409
522,410
522,411
523,411
524,411
525,411
525,412
526,412
527,412
528,412
529,412
530,412
531,412
531,411
532,411
533,411
534,411
535,411
536,411
537,411
537,412
538,412
539,412
540,412
540,413
541,413
542,413
543,413
543,414
544,414
545,414
546,414
546,415
546,416
546,417
546,418
546,419
546,420
547,420
548,420
548,421
548,422
548,423
548,424
548,425
549,425
549,426
549,427
549,428
550,428
550,429
550,430
551,430
551,431
551,432
551,433
551,434
551,435
551,436
551,437
552,437
552,438
552,439
552,440
553,440
554,440
554,441
555,441
556,441
557,441
558,441
559,441
560,441
561,441
561,440
562,440
562,439
563,439
564,439
565,439
566,439
566,440
566,441
567,441
567,442
567,443
568,443
568,444
569,444
569,445
570,445
570,446
571,446
571,447
571,448
572,448
572,449
573,449
574,449
575,449
576,449
576,450
576,451
576,452
576,453
577,453
577,454
577,455
577,456
578,456
578,457
579,457
580,457
581,457
581,458
582,458
582,459
582,460
583,460
583,461
583,462
584,462
585,462
586,462
586,463
586,464
586,465
586,466
586,467
586,468
587,468
587,469
588,469
589,469
590,469
591,469
592,469
593,469
594,469
594,470
594,471
594,472
595,472
595,473
596,473
596,474
596,475
597,475
598,475
598,476
598,477
599,477
600,477
601,477
602,477
603,477
604,477
604,478
605,478
606,478
607,478
608,478
608,479
609,479
610,479
611,479
612,479
613,479
613,480
613,481
613,482
614,482
615,482
615,483
616,483
616,484
616,485
616,486
617,486
617,487
618,487
619,487
620,487
621,487
621,488
622,488
623,488
624,488
625,488
625,489
625,490
625,491
626,491
626,492
626,493
627,493
628,493
629,493
630,493
630,494
631,494
632,494
632,495
633,495
633,496
634,496
634,497
635,497
636,497
637,497
638,497
639,497
640,497
640,498
640,499
641,499
641,500
641,501
642,501
642,502
642,503
642,504
643,504
644,504
645,504
646,504
646,505
647,505
648,505
649,505
650,505
650,504
651,504
652,504
653,504
653,505
654,505
654,506
654,507
654,508
654,509
654,510
653,510
653,511
653,512
654,512
654,513
654,514
654,515
655,515
656,515
656,516
657,516
657,517
658,517
658,518
659,518
659,519
659,520
659,521
659,522
659,523
660,523
661,523
662,523
662,524
662,525
662,526
663,526
663,527
664,527
664,528
664,529
664,530
664,531
665,531
666,531
666,532
667,532
667,533
667,534
668,534
669,534
670,534
671,534
671,535
672,535
673,535
673,536
674,536
674,537
674,538
674,539
674,540
674,541
674,542
675,542
676,542
676,543
676,544
677,544
677,545
677,546
677,547
677,548
677,549
677,550
677,551
678,551
679,551
680,551
681,551
681,552
682,552
683,552
684,552
685,552
686,552
687,552
688,552
688,553
688,554
688,555
689,555
689,556
690,556
690,557
691,557
692,557
692,558
693,558
694,558
694,559
695,559
696,559
697,559
697,560
697,561
698,561
699,561
699,562
699,563
699,564
700,564
700,565
700,566
701,566
701,567
702,567
703,567
703,568
704,568
705,568
705,569
706,569
706,570
707,570
708,570
709,570
710,570
711,570
712,570
712,571
713,571
714,571
715,571
716,571
717,571
717,572
717,573
717,574
717,575
717,576
718,576
718,577
719,577
719,578
720,578
721,578
721,579
722,579
723,579
724,579
725,579
726,579
727,579
727,580
727,581
727,582
728,582
729,582
729,583
729,584
730,584
731,584
732,584
733,584
734,584
734,585
735,585
736,585
737,585
737,584
738,584
739,584
740,584
741,584
742,584
743,584
744,584
745,584
746,584
747,584
747,585
748,585
749,585
750,585
751,585
752,585
753,585
753,586
754,586
755,586
755,587
755,588
756,588
756,589
756,590
756,591
755,591
755,592
755,593
756,593
756,594
757,594
757,595
758,595
758,596
758,597
758,598
759,598
760,598
761,598
761,599
761,600
761,601
762,601
762,602
762,603
763,603
763,604
763,605
764,605
764,606
764,607
764,608
764,609
764,610
765,610
766,610
767,610
768,610
768,611
768,612
769,612
769,613
770,613
770,614
770,615
771,615
772,615
772,616
772,617
772,618
773,618
774,618
774,619
774,620
775,620
776,620
776,621
777,621
777,622
778,622
778,623
779,623
780,623
780,624
780,625
780,626
781,626
781,627
782,627
783,627
783,628
784,628
785,628
785,629
786,629
786,630
786,631
786,632
786,633
786,634
786,635
787,635
788,635
789,635
789,634
790,634
791,634
792,634
793,634
794,634
795,634
796,634
797,634
797,635
797,636
798,636
799,636
799,637
800,637
800,638
801,638
802,638
803,638
803,639
804,639
805,639
806,639
806,640
806,641
806,642
807,642
808,642
808,643
809,643
809,644
809,645
810,645
811,645
811,646
812,646
812,647
813,647
814,647
814,648
815,648
816,648
817,648
818,648
818,649
819,649
820,649
821,649
822,649
822,650
822,651
822,652
822,653
822,654
822,655
823,655
824,655
825,655
825,656
825,657
826,657
826,658
826,659
827,659
828,659
828,660
828,661
828,662
829,662
830,662
831,662
832,662
832,663
833,663
833,664
834,664
835,664
836,664
837,664
838,664
839,664
840,664
841,664
842,664
842,665
843,665
843,666
844,666
845,666
845,667
845,668
845,669
845,670
845,671
845,672
846,672
847,672
847,673
847,674
847,675
847,676
847,677
847,678
847,679
847,680
846,680
846,681
846,682
846,683
847,683
847,684
847,685
847,686
846,686
846,687
846,688
846,689
847,689
847,690
848,690
849,690
849,691
850,691
850,692
851,692
852,692
852,693
852,694
852,695
852,696
853,696
854,696
855,696
855,697
855,698
856,698
856,699
856,700
856,701
857,701
858,701
859,701
860,701
860,702
861,702
861,703
861,704
861,705
861,706
861,707
862,707
862,708
863,708
863,709
864,709
864,710
865,710
865,711
865,712
866,712
866,713
866,714
867,714
868,714
869,714
870,714
871,714
871,715
872,715
873,715
874,715
874,716
874,717
874,718
875,718
875,719
876,719
876,720
877,720
878,720
879,720
879,721
880,721
881,721
882,721
883,721
884,721
884,722
885,722
886,722
887,722
887,723
888,723
889,723
889,724
889,725
890,725
890,726
891,726
892,726
893,726
894,726
894,727
895,727
896,727
897,727
897,728
897,729
897,730
898,730
898,731
898,732
899,732
900,732
900,733
900,734
900,735
900,736
900,737
900,738
900,739
900,740
900,741
900,742
900,743
899,743
899,744
899,745
899,746
899,747
900,747
900,748
901,748
901,749
901,750
902,750
903,750
904,750
904,751
905,751
906,751
907,751
908,751
908,752
909,752
910,752
910,753
910,754
911,754
912,754
913,754
914,754
915,754
916,754
916,755
916,756
917,756
918,756
918,757
919,757
919,758
919,759
920,759
921,759
921,760
922,760
922,761
923,761
924,761
925,761
925,762
926,762
926,763
926,764
927,764
928,764
929,764
930,764
930,765
930,766
931,766
932,766
933,766
933,767
934,767
935,767
936,767
937,767
938,767
939,767
940,767
940,768
940,769
940,770
940,771
941,771
942,771
942,772
942,773
942,774
942,775
942,776
942,777
943,777
944,777
944,778
945,778
945,779
945,780
946,780
946,781
946,782
947,782
947,783
947,784
948,784
949,784
949,785
950,785
950,786
950,787
951,787
951,788
951,789
951,790
952,790
953,790
954,790
955,790
956,790
956,791
956,792
956,793
956,794
956,795
957,795
958,795
959,795
960,795
961,795
961,796
961,797
961,798
961,799
962,799
962,800
962,801
963,801
963,802
964,802
965,802
966,802
967,802
967,803
968,803
969,803
970,803
971,803
972,803
972,804
972,805
972,806
973,806
974,806
975,806
976,806
976,807
976,808
976,809
977,809
977,810
978,810
979,810
979,811
980,811
980,812
981,812
981,813
981,814
982,814
983,814
984,814
984,815
984,816
985,816
986,816
986,817
986,818
986,819
986,820
986,821
985,821
985,822
985,823
985,824
985,825
985,826
985,827
985,828
985,829
985,830
985,831
985,832
985,833
986,833
987,833
988,833
988,834
988,835
988,836
989,836
989,837
989,838
990,838
991,838
992,838
992,839
993,839
994,839
994,840
994,841
995,841
996,841
996,842
996,843
996,844
996,845
997,845
997,846
997,847
997,848
998,848
998,849
998,850
998,851
999,851
1000,851
1000,852
1000,853
1001,853
1002,853
1002,854
1002,855
1002,856
1002,857
1002,858
1002,859
1002,860
1003,860
1004,860
1005,860
1005,861
1005,862
1006,862
1006,863
1007,863
1007,864
1007,865
1007,866
1007,867
1006,867
1006,868
1006,869
1007,869
1007,870
1008,870
1008,871
1008,872
1008,873
1009,873
1010,873
1011,873
1012,873
1012,874
1012,875
1012,876
1013,876
1013,877
1014,877
1015,877
1016,877
1016,878
1016,879
1017,879
1018,879
1019,879
1019,880
1020,880
1020,881
1020,882
1020,883
1020,884
1020,885
1020,886
1019,886
1018,886
1018,887
1017,887
1017,888
1017,889
1017,890
1017,891
1017,892
1018,892
1018,893
1018,894
1018,895
1017,895
1017,896
1017,897
1018,897
1018,898
1019,898
1019,899
1019,900
1019,901
1019,902
1019,903
1019,904
1019,905
1019,906
1018,906
1018,907
1018,908
1018,909
1018,910
1019,910
1019,911
1020,911
1020,912
1020,913
1020,914
1021,914
1022,914
1023,914
1023,915
1023,916
1023,917
1023,918
1024,918
1024,919
1024,920
1025,920
1025,921
1025,922
1025,923
1025,924
1025,925
1024,925
1024,926
1023,926
1023,927
1023,928
1023,929
1023,930
1024,930
1025,930
1026,930
1027,930
1028,930
1029,930
1030,930
1030,931
1031,931
1031,932
1031,933
1032,933
1032,934
1032,935
1033,935
1034,935
1035,935
1036,935
1037,935
1038,935
1038,936
1039,936
1039,937
1040,937
1040,938
1040,939
1041,939
1042,939
1043,939
1043,940
1043,941
1044,941
1044,942
1045,942
1046,942
1046,943
1047,943
1048,943
1049,943
1049,944
1049,945
1049,946
1049,947
1049,948
1050,948
1050,949
1051,949
1052,949
1052,950
1053,950
1054,950
1054,951
1054,952
1054,953
1054,954
1055,954
1056,954
1056,955
1057,955
1058,955
1058,956
1059,956
1059,957
1059,958
1059,959
1059,960
1059,961
1059,962
1060,962
1061,962
1062,962
1063,962
1064,962
1064,963
1065,963
1066,963
1066,964
1067,964
1067,965
1068,965
1068,966
1068,967
1068,968
1068,969
1068,970
1068,971
1069,971
1069,972
1069,973
1070,973
1070,974
1071,974
1071,975
1072,975
1072,976
1072,977
1072,978
1073,978
1074,978
1075,978
1076,978
1076,979
1077,979
1078,979
1079,979
1079,980
1079,981
1080,981
1081,981
1082,981
1083,981
1084,981
1085,981
1086,981
1087,981
1088,981
1089,981
1089,982
1089,983
1089,984
1090,984
1090,985
1091,985
1092,985
1093,985
1094,985
1095,985
1096,985
1097,985
1098,985
1099,985
1100,985
1100,986
1101,986
1102,986
1102,987
1103,987
1104,987
1104,988
1105,988
1105,989
1106,989
1107,989
1108,989
1109,989
1109,990
1109,991
1109,992
1110,992
1110,993
1110,994
1110,995
1110,996
1111,996
1112,996
1113,996
1113,997
1113,998
1113,999
1114,999
1115,999
1115,1000
1115,1001
1116,1001
1117,1001
1118,1001
1118,1002
1119,1002
1119,1003
1120,1003
1121,1003
1121,1004
1122,1004
1122,1005
1122,1006
1122,1007
1122,1008
1123,1008
1124,1008
1125,1008
1126,1008
1127,1008
1128,1008
1129,1008
1129,1009
1130,1009
1130,1010
1130,1011
1130,1012
1130,1013
1130,1014
1130,1015
1130,1016
1131,1016
1131,1017
1131,1018
1132,1018
1132,1019
1133,1019
1133,1020
1134,1020
1134,1021
1134,1022
1134,1023
1134,1024
1134,1025
1134,1026
1135,1026
1136,1026
1136,1027
1136,1028
1137,1028
1138,1028
1139,1028
1140,1028
1141,1028
1142,1028
1143,1028
1144,1028
1145,1028
1146,1028
1147,1028
1147,1029
1147,1030
1147,1031
1147,1032
1146,1032
1146,1033
1146,1034
1145,1034
1145,1035
1145,1036
1146,1036
1147,1036
1147,1037
1148,1037
1148,1038
1148,1039
1149,1039
1149,1040
1150,1040
1151,1040
1152,1040
1153,1040
1153,1041
1153,1042
1153,1043
1154,1043
1154,1044
1155,1044
1156,1044
1157,1044
1158,1044
1159,1044
1160,1044
1161,1044
1161,1045
1161,1046
1161,1047
1161,1048
1162,1048
1162,1049
1162,1050
1162,1051
1162,1052
1162,1053
1162,1054
1162,1055
1162,1056
1163,1056
1163,1057
1163,1058
1163,1059
1163,1060
1163,1061
1163,1062
1163,1063
1163,1064
1163,1065
1163,1066
1164,1066
1165,1066
1165,1067
1166,1067
1166,1068
1166,1069
1167,1069
1168,1069
1169,1069
1169,1070
1169,1071
1169,1072
1169,1073
1170,1073
1170,1074
1170,1075
1170,1076
1170,1077
1169,1077
1169,1078
1169,1079
1169,1080
1169,1081
1169,1082
1169,1083
1168,1083
1168,1084
1168,1085
1169,1085
1170,1085
1170,1086
1170,1087
1170,1088
1170,1089
1170,1090
1170,1091
1170,1092
1170,1093
1170,1094
1170,1095
1170,1096
1170,1097
1171,1097
1172,1097
1173,1097
1173,1098
1173,1099
1173,1100
1174,1100
1174,1101
1174,1102
1174,1103
1174,1104
1175,1104
1175,1105
1175,1106
1176,1106
1176,1107
1177,1107
1177,1108
1177,1109
1177,1110
1177,1111
1177,1112
1177,1113
1177,1114
1178,1114
1179,1114
1179,1115
1179,1116
1179,1117
1180,1117
1181,1117
1182,1117
1183,1117
1184,1117
1185,1117
1185,1118
1185,1119
1185,1120
1184,1120
1184,1121
1184,1122
1184,1123
1184,1124
1184,1125
1184,1126
1184,1127
1184,1128
1183,1128
1183,1129
1183,1130
1183,1131
1183,1132
1183,1133
1183,1134
1182,1134
1182,1135
1182,1136
1182,1137
1182,1138
1182,1139
1182,1140
1182,1141
1182,1142
1182,1143
1182,1144
1183,1144
1183,1145
1183,1146
1183,1147
1184,1147
1185,1147
1186,1147
1186,1146
1187,1146
1187,1147
1188,1147
1188,1148
1189,1148
1190,1148
1191,1148
1191,1149
1191,1150
1191,1151
1191,1152
1191,1153
1191,1154
1191,1155
1191,1156
1192,1156
1192,1157
1192,1158
1192,1159
1193,1159
1193,1160
1193,1161
1194,1161
1195,1161
1196,1161
1196,1162
1196,1163
1197,1163
1198,1163
1199,1163
1199,1164
1199,1165
1199,1166
1199,1167
1199,1168
1200,1168
1200,1169
1200,1170
1200,1171
1200,1172
1201,1172
1201,1173
1201,1174
1202,1174
1202,1175
1203,1175
1204,1175
1204,1176
1204,1177
1204,1178
1204,1179
1204,1180
1205,1180
1205,1181
1205,1182
1206,1182
1206,1183
1206,1184
1206,1185
1207,1185
1208,1185
1208,1186
1209,1186
1210,1186
1211,1186
1211,1187
1211,1188
1212,1188
1212,1189
1212,1190
1213,1190
1214,1190
1214,1191
1214,1192
1214,1193
1214,1194
1214,1195
1214,1196
1214,1197
1214,1198
1214,1199
1214,1200
1214,1201
1215,1201
1215,1202
1215,1203
1215,1204
1214,1204
1214,1205
1213,1205
1213,1206
1213,1207
1213,1208
1213,1209
1213,1210
1213,1211
1214,1211
1215,1211
1215,1212
1216,1212
1216,1213
1216,1214
1217,1214
1218,1214
1218,1215
1218,1216
1218,1217
1217,1217
1217,1218
1217,1219
1217,1220
1217,1221
1217,1222
1217,1223
1218,1223
1218,1224
1219,1224
1219,1225
1219,1226
1219,1227
1220,1227
1220,1228
1221,1228
1222,1228
1223,1228
1223,1227
1224,1227
1225,1227
1226,1227
1227,1227
1227,1228
1227,1229
1228,1229
1228,1230
1228,1231
1228,1232
1228,1233
1228,1234
1228,1235
1229,1235
1230,1235
1230,1236
1230,1237
1230,1238
1230,1239
1230,1240
1230,1241
1230,1242
1230,1243
1231,1243
1231,1244
1231,1245
1231,1246
1230,1246
1230,1247
1230,1248
1231,1248
1232,1248
1233,1248
1233,1249
1233,1250
1233,1251
1233,1252
1234,1252
1234,1253
1235,1253
1236,1253
1237,1253
1238,1253
1239,1253
1240,1253
1240,1254
1240,1255
1240,1256
1241,1256
1242,1256
1243,1256
1244,1256
1245,1256
1246,1256
1246,1257
1247,1257
1248,1257
1249,1257
1250,1257
1251,1257
1251,1258
1252,1258
1253,1258
1254,1258
1255,1258
1256,1258
1257,1258
1258,1258
1258,1259
1258,1260
1258,1261
1258,1262
1259,1262
1259,1263
1260,1263
1261,1263
1261,1264
1262,1264
1262,1265
1263,1265
1264,1265
1264,1266
1265,1266
1265,1267
1265,1268
1265,1269
1265,1270
1265,1271
1265,1272
1266,1272
1266,1273
1267,1273
1268,1273
1268,1274
1269,1274
1270,1274
1271,1274
1272,1274
1273,1274
1274,1274
1275,1274
1275,1275
1275,1276
1275,1277
1275,1278
1275,1279
1276,1279
1276,1280
1276,1281
1276,1282
1277,1282
1277,1283
1277,1284
1277,1285
1277,1286
1278,1286
1278,1287
1278,1288
1279,1288
1280,1288
1280,1289
1280,1290
1280,1291
1280,1292
1280,1293
1280,1294
1281,1294
1282,1294
1282,1295
1282,1296
1283,1296
1284,1296
1285,1296
1285,1297
1285,1298
1285,1299
1284,1299
1284,1300
1284,1301
1285,1301
1285,1302
1285,1303
1285,1304
1285,1305
1286,1305
1286,1306
1287,1306
1288,1306
1288,1307
1288,1308
1289,1308
1289,1309
1289,1310
1290,1310
1290,1311
1291,1311
1291,1312
1291,1313
1291,1314
1292,1314
1293,1314
1293,1315
1294,1315
1294,1316
1294,1317
1294,1318
1294,1319
1294,1320
1295,1320
1296,1320
1296,1321
1296,1322
1297,1322
1298,1322
1298,1323
1298,1324
1299,1324
1300,1324
1301,1324
1302,1324
1302,1325
1302,1326
1303,1326
1304,1326
1305,1326
1305,1327
1306,1327
1307,1327
1308,1327
1309,1327
1309,1328
1309,1329
1309,1330
1309,1331
1309,1332
1310,1332
1311,1332
1311,1333
1311,1334
1311,1335
1311,1336
1311,1337
1312,1337
1312,1338
1312,1339
1312,1340
1312,1341
1312,1342
1312,1343
1313,1343
1313,1344
1313,1345
1314,1345
1315,1345
1315,1346
1315,1347
1314,1347
1314,1348
1314,1349
1314,1350
1314,1351
1314,1352
1314,1353
1314,1354
1313,1354
1313,1355
1313,1356
1313,1357
1313,1358
1313,1359
1314,1359
1315,1359
1316,1359
1317,1359
1317,1360
1318,1360
1318,1361
1319,1361
1320,1361
1320,1362
1320,1363
1320,1364
1320,1365
1321,1365
1322,1365
1323,1365
1323,1366
1323,1367
1324,1367
1324,1368
1325,1368
1325,1369
1326,1369
1327,1369
1328,1369
1328,1370
1329,1370
1329,1371
1329,1372
1329,1373
1329,1374
1329,1375
1329,1376
1329,1377
1329,1378
1330,1378
1330,1379
1331,1379
1331,1380
1331,1381
1331,1382
1331,1383
1332,1383
1332,1384
1332,1385
1332,1386
1332,1387
1333,1387
1333,1388
1334,1388
1335,1388
1335,1389
1336,1389
1337,1389
1338,1389
1338,1390
1339,1390
1339,1391
1340,1391
1341,1391
1342,1391
1342,1392
1343,1392
1343,1393
1343,1394
1344,1394
1345,1394
1346,1394
1346,1395
1346,1396
1347,1396
1348,1396
1349,1396
1350,1396
1350,1397
1350,1398
1350,1399
1351,1399
1351,1400
1351,1401
1352,1401
1353,1401
1353,1402
1353,1403
1354,1403
1355,1403
1356,1403
1356,1404
1356,1405
1356,1406
1356,1407
1356,1408
1357,1408
1357,1409
1358,1409
1359,1409
1359,1410
1360,1410
1361,1410
1362,1410
1362,1411
1363,1411
1363,1412
1363,1413
1364,1413
1364,1414
1365,1414
1366,1414
1367,1414
1368,1414
1369,1414
1370,1414
1370,1415
1371,1415
1371,1416
1372,1416
1372,1417
1373,1417
1373,1418
1374,1418
1375,1418
1375,1419
1376,1419
1377,1419
1378,1419
1379,1419
1380,1419
1381,1419
1382,1419
1382,1420
1382,1421
1383,1421
1383,1422
1383,1423
1383,1424
1384,1424
1384,1425
1384,1426
1384,1427
1385,1427
1385,1428
1386,1428
1386,1429
1386,1430
1386,1431
1386,1432
1387,1432
1387,1433
1388,1433
1388,1434
1388,1435
1389,1435
1390,1435
1391,1435
1391,1436
1392,1436
1393,1436
1394,1436
1395,1436
1396,1436
1397,1436
1398,1436
1399,1436
1400,1436
1400,1437
1400,1438
1400,1439
1401,1439
1401,1440
1401,1441
1401,1442
1402,1442
1402,1443
1403,1443
1403,1444
1403,1445
1403,1446
1403,1447
1404,1447
1405,1447
1406,1447
1407,1447
1408,1447
1408,1448
1409,1448
1409,1449
1410,1449
1411,1449
1412,1449
1413,1449
1414,1449
1414,1450
1415,1450
1415,1451
1415,1452
1415,1453
1415,1454
1415,1455
1416,1455
1417,1455
1418,1455
1418,1456
1418,1457
1419,1457
1420,1457
1421,1457
1422,1457
1423,1457
1423,1458
1423,1459
1423,1460
1423,1461
1423,1462
1423,1463
1424,1463
1424,1464
1425,1464
1425,1465
1426,1465
1427,1465
1427,1466
1427,1467
1427,1468
1427,1469
1428,1469
1429,1469
1429,1470
1430,1470
1430,1471
1430,1472
1430,1473
1431,1473
1432,1473
1433,1473
1433,1474
1433,1475
1433,1476
1434,1476
1435,1476
1435,1477
1436,1477
1437,1477
1438,1477
1439,1477
1439,1476
1440,1476
1441,1476
1442,1476
1443,1476
1443,1475
1444,1475
1445,1475
1445,1476
1445,1477
1446,1477
1447,1477
1447,1478
1447,1479
1447,1480
1448,1480
1449,1480
1450,1480
1451,1480
1452,1480
1452,1479
1453,1479
1454,1479
1455,1479
1456,1479
1457,1479
1458,1479
1459,1479
1460,1479
1461,1479
1462,1479
1463,1479
1464,1479
1465,1479
1466,1479
1467,1479
1467,1478
1468,1478
1469,1478
1470,1478
1470,1479
1471,1479
1471,1480
1472,1480
1473,1480
1474,1480
1475,1480
1476,1480
1477,1480
1478,1480
1478,1481
1478,1482
1478,1483
1478,1484
1479,1484
1479,1485
1480,1485
1480,1486
1481,1486
1482,1486
1482,1487
1483,1487
1483,1488
1483,1489
1483,1490
1483,1491
1483,1492
1483,1493
1484,1493
1484,1494
